With len+slicing+remove combination checking optimizations:

???.###????.###????.###????.###????.### [1, 1, 3, 1, 1, 3, 1, 1, 3, 1, 1, 3, 1, 1, 3]  ->  1
.??..??...?##.?.??..??...?##.?.??..??...?##.?.??..??...?##.?.??..??...?##. [1, 1, 3, 1, 1, 3, 1, 1, 3, 1, 1, 3, 1, 1, 3]  ->  16384
?#?#?#?#?#?#?#???#?#?#?#?#?#?#???#?#?#?#?#?#?#???#?#?#?#?#?#?#???#?#?#?#?#?#?#? [1, 3, 1, 6, 1, 3, 1, 6, 1, 3, 1, 6, 1, 3, 1, 6, 1, 3, 1, 6]  ->  1
????.#...#...?????.#...#...?????.#...#...?????.#...#...?????.#...#... [4, 1, 1, 4, 1, 1, 4, 1, 1, 4, 1, 1, 4, 1, 1]  ->  16
????.######..#####.?????.######..#####.?????.######..#####.?????.######..#####.?????.######..#####. [1, 6, 5, 1, 6, 5, 1, 6, 5, 1, 6, 5, 1, 6, 5]  ->  2500
?###??????????###??????????###??????????###??????????###???????? [3, 2, 1, 3, 2, 1, 3, 2, 1, 3, 2, 1, 3, 2, 1]  ->  506250
???????.???????????.???????????.???????????.???????????.??? [1, 3, 1, 3, 1, 3, 1, 3, 1, 3]  ->  75769903
--- 42.420005083084106 seconds ---
Number of arrangements: 76295055

Changing this to using instruction pointers and slicing:

???.###????.###????.###????.###????.### [1, 1, 3, 1, 1, 3, 1, 1, 3, 1, 1, 3, 1, 1, 3]  ->  1
.??..??...?##.?.??..??...?##.?.??..??...?##.?.??..??...?##.?.??..??...?##. [1, 1, 3, 1, 1, 3, 1, 1, 3, 1, 1, 3, 1, 1, 3]  ->  16384
?#?#?#?#?#?#?#???#?#?#?#?#?#?#???#?#?#?#?#?#?#???#?#?#?#?#?#?#???#?#?#?#?#?#?#? [1, 3, 1, 6, 1, 3, 1, 6, 1, 3, 1, 6, 1, 3, 1, 6, 1, 3, 1, 6]  ->  1
????.#...#...?????.#...#...?????.#...#...?????.#...#...?????.#...#... [4, 1, 1, 4, 1, 1, 4, 1, 1, 4, 1, 1, 4, 1, 1]  ->  16
????.######..#####.?????.######..#####.?????.######..#####.?????.######..#####.?????.######..#####. [1, 6, 5, 1, 6, 5, 1, 6, 5, 1, 6, 5, 1, 6, 5]  ->  2500
?###??????????###??????????###??????????###??????????###???????? [3, 2, 1, 3, 2, 1, 3, 2, 1, 3, 2, 1, 3, 2, 1]  ->  506250
???????.???????????.???????????.???????????.???????????.??? [1, 3, 1, 3, 1, 3, 1, 3, 1, 3]  ->  75769903
--- 35.45762300491333 seconds ---
Number of arrangements: 76295055

Row 0 ???.###????.###????.###????.###????.### [1, 1, 3, 1, 1, 3, 1, 1, 3, 1, 1, 3, 1, 1, 3]  ->  1
Row 1 .??..??...?##.?.??..??...?##.?.??..??...?##.?.??..??...?##.?.??..??...?##. [1, 1, 3, 1, 1, 3, 1, 1, 3, 1, 1, 3, 1, 1, 3]  ->  16384
Row 2 ?#?#?#?#?#?#?#???#?#?#?#?#?#?#???#?#?#?#?#?#?#???#?#?#?#?#?#?#???#?#?#?#?#?#?#? [1, 3, 1, 6, 1, 3, 1, 6, 1, 3, 1, 6, 1, 3, 1, 6, 1, 3, 1, 6]  ->  1
Row 3 ????.#...#...?????.#...#...?????.#...#...?????.#...#...?????.#...#... [4, 1, 1, 4, 1, 1, 4, 1, 1, 4, 1, 1, 4, 1, 1]  ->  16
Row 4 ????.######..#####.?????.######..#####.?????.######..#####.?????.######..#####.?????.######..#####. [1, 6, 5, 1, 6, 5, 1, 6, 5, 1, 6, 5, 1, 6, 5]  ->  2500
Row 5 ?###??????????###??????????###??????????###??????????###???????? [3, 2, 1, 3, 2, 1, 3, 2, 1, 3, 2, 1, 3, 2, 1]  ->  506250
Row 6 ???????.???????????.???????????.???????????.???????????.??? [1, 3, 1, 3, 1, 3, 1, 3, 1, 3]  ->  75769903
--- 0.0012869834899902344 seconds ---
Number of arrangements: 76295055