Row  0 ??#.????#???.#?#???#.????#???.#?#???#.????#???.#?#???#.????#???.#?#???#.????#???.#?# [1, 5, 1, 1, 1, 1, 5, 1, 1, 1, 1, 5, 1, 1, 1, 1, 5, 1, 1, 1, 1, 5, 1, 1, 1]  ->  14763
Row  1 ?##?##??#???##?##??#???##?##??#???##?##??#???##?##??#? [7, 1, 7, 1, 7, 1, 7, 1, 7, 1]  ->  16
Row  2 ??????#???.???????#???.???????#???.???????#???.???????#???. [1, 7, 1, 7, 1, 7, 1, 7, 1, 7]  ->  5772
Row  3 ??#?#??#.?#.??#????#?#??#.?#.??#????#?#??#.?#.??#????#?#??#.?#.??#????#?#??#.?#.??#? [5, 1, 1, 2, 5, 1, 1, 2, 5, 1, 1, 2, 5, 1, 1, 2, 5, 1, 1, 2]  ->  1024
Row  4 ???????.???????????.???????????.???????????.???????????.??? [1, 3, 1, 3, 1, 3, 1, 3, 1, 3]  ->  75769903
Row  5 ?#..##?##??###??#???#..##?##??###??#???#..##?##??###??#???#..##?##??###??#???#..##?##??###??#? [2, 13, 2, 13, 2, 13, 2, 13, 2, 13]  ->  1
Row  6 ?.????????.??????????.????????.??????????.????????.??????????.????????.??????????.????????.???????? [1, 5, 1, 6, 1, 5, 1, 6, 1, 5, 1, 6, 1, 5, 1, 6, 1, 5, 1, 6]  ->  14776336
Row  7 ?.???#???.??.???#???.??.???#???.??.???#???.??.???#???. [2, 2, 2, 2, 2, 2, 2, 2, 2, 2]  ->  4032
Row  8 ??#..#???#????#..#???#????#..#???#????#..#???#????#..#???#? [1, 1, 4, 1, 1, 4, 1, 1, 4, 1, 1, 4, 1, 1, 4]  ->  81
Row  9 ?.?##?????#?????.?##?????#?????.?##?????#?????.?##?????#?????.?##?????#??? [1, 5, 2, 1, 1, 5, 2, 1, 1, 5, 2, 1, 1, 5, 2, 1, 1, 5, 2, 1]  ->  24576
Row  10 .???#?????##??#.??.???#?????##??#.??.???#?????##??#.??.???#?????##??#.??.???#?????##??#.? [3, 8, 3, 8, 3, 8, 3, 8, 3, 8]  ->  32
Row  11 ?????????????.#..??????????????.#..??????????????.#..??????????????.#..??????????????.#.. [4, 3, 1, 4, 3, 1, 4, 3, 1, 4, 3, 1, 4, 3, 1]  ->  12907776
Row  12 ..#???????.??..#???????.??..#???????.??..#???????.??..#???????.? [4, 3, 1, 4, 3, 1, 4, 3, 1, 4, 3, 1, 4, 3, 1]  ->  16
Row  13 ????#??.?.#????????#??.?.#????????#??.?.#????????#??.?.#????????#??.?.#??? [7, 3, 7, 3, 7, 3, 7, 3, 7, 3]  ->  16
Row  14 #??#???##??.???#??#???##??.???#??#???##??.???#??#???##??.???#??#???##??.?? [4, 1, 3, 2, 4, 1, 3, 2, 4, 1, 3, 2, 4, 1, 3, 2, 4, 1, 3, 2]  ->  1
Row  15 ??#?#?##?.???#??.???#?#?##?.???#??.???#?#?##?.???#??.???#?#?##?.???#??.???#?#?##?.???#??. [6, 5, 6, 5, 6, 5, 6, 5, 6, 5]  ->  32
Row  16 ???.#??.??###?.#??????.#??.??###?.#??????.#??.??###?.#??????.#??.??###?.#??????.#??.??###?.#?? [3, 1, 5, 2, 3, 1, 5, 2, 3, 1, 5, 2, 3, 1, 5, 2, 3, 1, 5, 2]  ->  512
Row  17 ?.????##??#????.????##??#????.????##??#????.????##??#????.????##??#?? [6, 3, 6, 3, 6, 3, 6, 3, 6, 3]  ->  768
Row  18 ???..?##????.?????..?##????.?????..?##????.?????..?##????.?????..?##????.? [2, 3, 1, 2, 3, 1, 2, 3, 1, 2, 3, 1, 2, 3, 1]  ->  9284399
Row  19 ?.?#????.??#?#.???.?#????.??#?#.???.?#????.??#?#.???.?#????.??#?#.???.?#????.??#?#.? [1, 2, 1, 3, 1, 1, 2, 1, 3, 1, 1, 2, 1, 3, 1, 1, 2, 1, 3, 1, 1, 2, 1, 3, 1]  ->  5361664
Row  20 ?.?###.??????.?###.??????.?###.??????.?###.??????.?###.???? [4, 2, 4, 2, 4, 2, 4, 2, 4, 2]  ->  1875
Row  21 ?#???..??##???#???..??##???#???..??##???#???..??##???#???..??##? [4, 3, 4, 3, 4, 3, 4, 3, 4, 3]  ->  2500
Row  22 ???#????#?.????#????#?.????#????#?.????#????#?.????#????#?. [1, 2, 3, 1, 2, 3, 1, 2, 3, 1, 2, 3, 1, 2, 3]  ->  60000
Row  23 #???#???#??#???.??#???#???#??#???.??#???#???#??#???.??#???#???#??#???.??#???#???#??#???.? [1, 10, 1, 1, 10, 1, 1, 10, 1, 1, 10, 1, 1, 10, 1]  ->  17082
Row  24 ???????????????????????????????????????????????????????????????????????????????????????????????????????? [1, 5, 6, 3, 1, 5, 6, 3, 1, 5, 6, 3, 1, 5, 6, 3, 1, 5, 6, 3]  ->  30045015
Row  25 ???????#???????????#???????????#???????????#???????????#??? [2, 6, 2, 6, 2, 6, 2, 6, 2, 6]  ->  125358
Row  26 ??.??.????.?#?????#???.??.????.?#?????#???.??.????.?#?????#???.??.????.?#?????#???.??.????.?#?????# [1, 1, 2, 1, 4, 3, 1, 1, 2, 1, 4, 3, 1, 1, 2, 1, 4, 3, 1, 1, 2, 1, 4, 3, 1, 1, 2, 1, 4, 3]  ->  16384
Row  27 ???#???.??#?????#???.??#?????#???.??#?????#???.??#?????#???.??#? [1, 4, 1, 1, 1, 4, 1, 1, 1, 4, 1, 1, 1, 4, 1, 1, 1, 4, 1, 1]  ->  16878
Row  28 ???#???##??##?????#???##??##?????#???##??##?????#???##??##?????#???##??##? [3, 2, 3, 3, 2, 3, 3, 2, 3, 3, 2, 3, 3, 2, 3]  ->  7776
Row  29 ????.??????#?.#??????.??????#?.#??????.??????#?.#??????.??????#?.#??????.??????#?.#? [1, 1, 1, 4, 2, 1, 1, 1, 4, 2, 1, 1, 1, 4, 2, 1, 1, 1, 4, 2, 1, 1, 1, 4, 2]  ->  2476099
Row  30 ?.#??#??????.#??#??????.#??#??????.#??#??????.#??#???? [1, 1, 5, 1, 1, 5, 1, 1, 5, 1, 1, 5, 1, 1, 5]  ->  162
Row  31 ??##???#?.##??..????##???#?.##??..????##???#?.##??..????##???#?.##??..????##???#?.##??..? [4, 2, 4, 4, 2, 4, 4, 2, 4, 4, 2, 4, 4, 2, 4]  ->  3125
Row  32 ??????#.????.#???????#.????.#???????#.????.#???????#.????.#???????#.????.# [4, 2, 1, 1, 4, 2, 1, 1, 4, 2, 1, 1, 4, 2, 1, 1, 4, 2, 1, 1]  ->  60444
Row  33 ??????#??#?.??????????#??#?.??????????#??#?.??????????#??#?.??????????#??#?.??? [2, 7, 1, 2, 7, 1, 2, 7, 1, 2, 7, 1, 2, 7, 1]  ->  704349
Row  34 .????????##.?.?.##??.????????##.?.?.##??.????????##.?.?.##??.????????##.?.?.##??.????????##.?.?.##? [5, 2, 1, 1, 2, 5, 2, 1, 1, 2, 5, 2, 1, 1, 2, 5, 2, 1, 1, 2, 5, 2, 1, 1, 2]  ->  243
Row  35 .??????????#?#.?.??????????#?#.?.??????????#?#.?.??????????#?#.?.??????????#?#. [3, 1, 2, 1, 3, 1, 2, 1, 3, 1, 2, 1, 3, 1, 2, 1, 3, 1, 2, 1]  ->  100000
Row  36 ?????????????.??????????????.??????????????.??????????????.??????????????. [2, 1, 5, 2, 1, 5, 2, 1, 5, 2, 1, 5, 2, 1, 5]  ->  71150000
Row  37 ?##????#?.?????.#?????##????#?.?????.#?????##????#?.?????.#?????##????#?.?????.#?????##????#?.?????.#??? [2, 1, 2, 3, 3, 2, 1, 2, 3, 3, 2, 1, 2, 3, 3, 2, 1, 2, 3, 3, 2, 1, 2, 3, 3]  ->  59049
Row  38 ?????????#?.?????#???????????#?.?????#???????????#?.?????#???????????#?.?????#???????????#?.?????#? [1, 2, 1, 3, 4, 2, 1, 2, 1, 3, 4, 2, 1, 2, 1, 3, 4, 2, 1, 2, 1, 3, 4, 2, 1, 2, 1, 3, 4, 2]  ->  3125
Row  39 ..?.#???.?##.??..?.#???.?##.??..?.#???.?##.??..?.#???.?##.??..?.#???.?##.? [1, 3, 2, 1, 3, 2, 1, 3, 2, 1, 3, 2, 1, 3, 2]  ->  200
Row  40 .????????????????.????????????????.????????????????.????????????????.??????????????? [10, 2, 10, 2, 10, 2, 10, 2, 10, 2]  ->  85494
Row  41 ?.?#????#?.?????.?#????#?.?????.?#????#?.?????.?#????#?.?????.?#????#?.??? [1, 1, 2, 2, 1, 1, 2, 2, 1, 1, 2, 2, 1, 1, 2, 2, 1, 1, 2, 2]  ->  7177643
Row  42 ??????.#??.?.????????.#??.?.????????.#??.?.????????.#??.?.????????.#??.?.? [1, 1, 1, 1, 1, 1, 1, 1, 1, 1, 1, 1, 1, 1, 1]  ->  2025232368
Row  43 #???#?#??#??????#???#?#??#??????#???#?#??#??????#???#?#??#??????#???#?#??#????? [1, 2, 1, 5, 1, 2, 1, 5, 1, 2, 1, 5, 1, 2, 1, 5, 1, 2, 1, 5]  ->  365
Row  44 ???.?.??#????.?????.?.??#????.?????.?.??#????.?????.?.??#????.?????.?.??#????.? [3, 6, 3, 6, 3, 6, 3, 6, 3, 6]  ->  2592
Row  45 .#.???###???.#?..????.#.???###???.#?..????.#.???###???.#?..????.#.???###???.#?..????.#.???###???.#?..??? [1, 8, 2, 2, 1, 8, 2, 2, 1, 8, 2, 2, 1, 8, 2, 2, 1, 8, 2, 2]  ->  5184
Row  46 .???.??#????#?.???.??#????#?.???.??#????#?.???.??#????#?.???.??#????# [2, 4, 1, 2, 4, 1, 2, 4, 1, 2, 4, 1, 2, 4, 1]  ->  14406
Row  47 .????#?#???.????#?#???.????#?#???.????#?#???.????#?#?? [3, 3, 1, 3, 3, 1, 3, 3, 1, 3, 3, 1, 3, 3, 1]  ->  16
Row  48 ?###??#??##??###??#??##??###??#??##??###??#??##??###??#??## [4, 2, 2, 4, 2, 2, 4, 2, 2, 4, 2, 2, 4, 2, 2]  ->  243
Row  49 ??#?#???#???.??.???#?#???#???.??.???#?#???#???.??.???#?#???#???.??.???#?#???#???.??. [3, 5, 1, 3, 5, 1, 3, 5, 1, 3, 5, 1, 3, 5, 1]  ->  126464
Row  50 ???####??##..?#.#.??????####??##..?#.#.??????####??##..?#.#.??????####??##..?#.#.??????####??##..?#.#.?? [9, 2, 1, 1, 9, 2, 1, 1, 9, 2, 1, 1, 9, 2, 1, 1, 9, 2, 1, 1]  ->  782
Row  51 ??#?#???#.?.???#?#???#.?.???#?#???#.?.???#?#???#.?.???#?#???#.?. [5, 1, 5, 1, 5, 1, 5, 1, 5, 1]  ->  243
Row  52 ???#????#???##?#????#????#???##?#????#????#???##?#????#????#???##?#????#????#???##?# [2, 3, 3, 1, 2, 3, 3, 1, 2, 3, 3, 1, 2, 3, 3, 1, 2, 3, 3, 1]  ->  1024
Row  53 ?#???????#???#?????#???????#???#?????#???????#???#?????#???????#???#?????#???????#???#??? [1, 3, 3, 3, 1, 1, 3, 3, 3, 1, 1, 3, 3, 3, 1, 1, 3, 3, 3, 1, 1, 3, 3, 3, 1]  ->  414032
Row  54 #???#????#.##..??#???#????#.##..??#???#????#.##..??#???#????#.##..??#???#????#.##..? [8, 1, 2, 8, 1, 2, 8, 1, 2, 8, 1, 2, 8, 1, 2]  ->  81
Row  55 ?????.?#?#?????????.?#?#?????????.?#?#?????????.?#?#?????????.?#?#??? [1, 5, 1, 5, 1, 5, 1, 5, 1, 5]  ->  349802
Row  56 .??#.??#?.??.??#.??#?.??.??#.??#?.??.??#.??#?.??.??#.??#?.? [1, 1, 1, 1, 1, 1, 1, 1, 1, 1, 1, 1, 1, 1, 1]  ->  8998
Row  57 ?#?#???#???.?????#?#???#???.?????#?#???#???.?????#?#???#???.?????#?#???#???.??? [1, 1, 4, 1, 3, 1, 1, 4, 1, 3, 1, 1, 4, 1, 3, 1, 1, 4, 1, 3, 1, 1, 4, 1, 3]  ->  16
Row  58 .????#.?.#????.????#.?.#????.????#.?.#????.????#.?.#????.????#.?.#??? [1, 1, 2, 1, 1, 1, 2, 1, 1, 1, 2, 1, 1, 1, 2, 1, 1, 1, 2, 1]  ->  327488
Row  59 .??#?.??#??.??#?.??#??.??#?.??#??.??#?.??#??.??#?.??#? [4, 2, 4, 2, 4, 2, 4, 2, 4, 2]  ->  32
Row  60 #????????.?#????????.?#????????.?#????????.?#????????. [1, 4, 1, 1, 4, 1, 1, 4, 1, 1, 4, 1, 1, 4, 1]  ->  243
Row  61 ??.#?#????#?...?????.#?#????#?...?????.#?#????#?...?????.#?#????#?...?????.#?#????#?...?? [1, 8, 2, 1, 8, 2, 1, 8, 2, 1, 8, 2, 1, 8, 2]  ->  162
Row  62 ?#.#?#.??##???#.#?#.??##???#.#?#.??##???#.#?#.??##???#.#?#.??##? [2, 3, 1, 2, 2, 3, 1, 2, 2, 3, 1, 2, 2, 3, 1, 2, 2, 3, 1, 2]  ->  1
Row  63 ...??.?#???...??.?#???...??.?#???...??.?#???...??.?#?? [1, 1, 1, 1, 1, 1, 1, 1, 1, 1]  ->  6048
Row  64 ?.?.????#..???.?.????#..???.?.????#..???.?.????#..???.?.????#..? [1, 2, 1, 1, 2, 1, 1, 2, 1, 1, 2, 1, 1, 2, 1]  ->  920192
Row  65 ?##????????.??.?#?????##????????.??.?#?????##????????.??.?#?????##????????.??.?#?????##????????.??.?#??? [6, 1, 1, 4, 6, 1, 1, 4, 6, 1, 1, 4, 6, 1, 1, 4, 6, 1, 1, 4]  ->  263218176
Row  66 ?.??#.??.?.??????.??#.??.?.??????.??#.??.?.??????.??#.??.?.??????.??#.??.?.???? [3, 2, 3, 2, 3, 2, 3, 2, 3, 2]  ->  13166
Row  67 .????.?????.???.???.????.?????.???.???.????.?????.???.???.????.?????.???.???.????.?????.???.?? [4, 1, 1, 3, 1, 4, 1, 1, 3, 1, 4, 1, 1, 3, 1, 4, 1, 1, 3, 1, 4, 1, 1, 3, 1]  ->  1259712
